1235.96          0.0    320000.0
1236.26      85333.3    320000.0
1236.46     170667.0    320000.0
1236.76     256000.0    487892.0
1237.06     469333.0    494158.9
1237.26     682667.0    528433.0
1237.56     896000.0    601451.4
1237.86    1109330.0    718885.3
1238.06    1365330.0    878137.8
1238.36    1621330.0   1094083.7
1238.66    1877330.0   1362585.7
1238.86    2133330.0   1670373.3
1239.16    2602335.0   2039305.6
1239.46    3072000.0   2455382.2
1239.66    3840000.0   2896657.8
1239.96    4778670.0   3392053.3
1240.26    5717330.0   3919398.9
1240.46    6698670.0   4451258.6
1240.76    7680000.0   5021716.0
1241.06    9045330.0   5603422.4
1241.26   10410700.0   6167277.1
1241.56   12160000.0   6749508.5
1241.86   13909300.0   7321315.4
1242.06   16213300.0   7855790.2
1242.36   18517300.0   8388032.9
1242.66   20821300.0   8891612.9
1242.86   23125300.0   9345066.6
1243.16   25941300.0   9779628.1
1243.46   28757300.0  10174473.0
1243.66   31573300.0  10515625.0
1243.96   34645300.0  10828847.1
1244.26   37717300.0  11100900.7
1244.46   40832000.0  11333590.5
1244.76   43946700.0  11523151.6
1245.06   47146700.0  11687909.9
1245.26   50346700.0  11824599.9
1245.56   53546700.0  11934652.7
1245.86   56746700.0  12032030.0
1246.06   59989300.0  12117818.1
1246.36   63232000.0  12194478.5
1246.66   66474700.0  12272311.9
1246.86   69717300.0  12351475.5
1247.16   73002700.0  12430087.9
1247.46   76288000.0  12512731.6
1247.66   79573300.0  12591414.3
1247.96   82901300.0  12654598.6
1248.26   86229300.0  12692635.1
1248.46   89600000.0  12800000.0
1248.76   92970700.0  12800000.0
1249.06   96384000.0  12800000.0
1249.26   99797300.0  12800000.0
1249.56  103211000.0  12800000.0
1249.86  106624000.0  12800000.0
1250.06  110037000.0  12800000.0
1250.36  113451000.0  12800000.0
1250.66  116864000.0  12800000.0
1250.86  120277000.0  12800000.0
1251.16  123691000.0  12800000.0
1251.46  127104000.0  12800000.0
1251.66  130517000.0  12800000.0
1251.96  133931000.0  12800000.0
1252.26  137344000.0  12800000.0
1252.46  140757000.0  12800000.0
1252.76  144171000.0  12800000.0
1253.06  147584000.0  12800000.0
1253.26  150997000.0  12800000.0
1253.56  154411000.0  12800000.0
1253.86  157824000.0  12800000.0
1254.06  161237000.0  12800000.0
1254.36  164651000.0  12800000.0
1254.66  168064000.0  12800000.0
1254.86  171477000.0  12800000.0
1255.16  174891000.0  12800000.0
1255.46  178304000.0  12800000.0
1255.66  181717000.0  12800000.0
1255.96  185131000.0  12800000.0
1256.26  188544000.0  12800000.0
1256.46  191957000.0  12800000.0
1256.76  195371000.0  12800000.0
1257.06  198784000.0  12800000.0
1257.26  202197000.0  12800000.0
1257.56  205611000.0  12800000.0
1257.86  209024000.0  12800000.0
1258.06  212437000.0  12800000.0
1258.36  215851000.0  12800000.0
1258.66  219264000.0  12800000.0
1258.86  222677000.0  12800000.0
1259.16  226091000.0  12800000.0
1259.46  229504000.0  12800000.0
1259.66  232917000.0  12800000.0
1259.96  236331000.0  12800000.0
1260.26  239744000.0  12800000.0
1260.46  243157000.0  12800000.0
1260.76  246571000.0  12800000.0
1261.06  249984000.0  12800000.0
1261.26  253397000.0  12800000.0
1261.56  256811000.0  12800000.0
1261.86  260224000.0  12800000.0
1262.06  263637000.0  12800000.0
1262.36  267051000.0  12800000.0
1262.66  270464000.0  12800000.0
1262.86  273877000.0  12800000.0
1263.16  277291000.0  12800000.0
1263.46  280704000.0  12800000.0
1263.66  284117000.0  12800000.0
1263.96  287531000.0  12800000.0
1264.26  290944000.0  12800000.0
1264.46  294357000.0  12800000.0
1264.76  297771000.0  12800000.0
1265.06  301184000.0  12800000.0
1265.26  304597000.0  12800000.0
1265.56  308011000.0  12800000.0
1265.86  311424000.0  12800000.0
1266.06  314837000.0  12800000.0
1266.36  318251000.0  12800000.0
1266.66  321664000.0  12800000.0
1266.86  325077000.0  12800000.0
1267.16  328491000.0  12800000.0
1267.46  331904000.0  12800000.0
1267.66  335317000.0  12800000.0
1267.96  338731000.0  12800000.0
1268.26  342144000.0  12800000.0
1268.46  345557000.0  12800000.0
1268.76  348971000.0  12800000.0
1269.06  352384000.0  12800000.0
1269.26  355797000.0  12800000.0
1269.56  359211000.0  12800000.0
1269.86  362624000.0  12800000.0
1270.06  366037000.0  12800000.0
1270.36  369451000.0  12800000.0
1270.66  372864000.0  12800000.0
1270.86  376277000.0  12800000.0
1271.16  379691000.0  12800000.0
1271.46  383104000.0  12800000.0
1271.66  386517000.0  12800000.0
1271.96  389931000.0  12800000.0
1272.26  393344000.0  12800000.0
1272.46  396757000.0  12800000.0
1272.76  400171000.0  12800000.0
1273.06  403584000.0  12800000.0
1273.26  406997000.0  12800000.0
1273.56  410411000.0  12800000.0
1273.86  413824000.0  12800000.0
1274.06  417237000.0  12800000.0
1274.36  420651000.0  12800000.0
1274.66  424064000.0  12800000.0
1274.86  427477000.0  12800000.0
1275.16  430891000.0  12800000.0
1275.46  434304000.0  12800000.0
1275.66  437717000.0  12800000.0
1275.96  441131000.0  12800000.0
